1.19.62:04A2E570,0,20,0:04A6B350,0,30,20,60,0
1.19.62:04A26500,0,20,0:04A632E0,0,30,20,60,0
1.19.60:04A2F4C0,0,20,0:04A6C2A0,0,30,18,50,0
1.19.51:04973070,0,20,0:049AE2A0,0,30,20,E0,60,0
1.19.50:04973070,0,20,0:null
1.19.40:048F1D70,0,20,0:0497D460,0,30,18,50,0
1.19.20:0454DF10,0,20,0:045B7760,10,30,20,60,0
1.19.11:043AB660,0,20,0:0440CF10,0,30,18,50,0
1.19.10:043AB610,0,20,0:0440CED0,0,30,18,50,0
1.19.2:0421EB78,0,20,0:0427DB00,0,30,18,50,0
1.19.0:041C20B8,0,20,0:04221030,0,30,20,60,0
1.18.31:0546B0B8,0,20,0:054C0DE0,0,30,18,10,60,0
1.18.12:0458F1A8,0,20,0:045CC590,0,30,20,60,0
1.18.10:0458F1C8,0,20,0:null
1.17.11:03A17598,10,80,0,8,290,0:null
1.16.201:040776C8,3F8,218,50,2F0,0:null
1.16.40:0368EE98,80,0,8,290,0:null